0
0
0
0
0
0
0
0
0
0
00
0
0
0
0
0
0
0
00
0
0
0
0
0
0
0
0
0
0
00
0
0
0
0
0
0
0
0
0
0
0
0
0
00
0
0
0
0
0
0
0
00
0
0
0
0
0
0
0
0
0
0
00
0
0
0
0
0
0
0
0
0
0
0
0
0
0
0
0
00
0
0
0
0
0
0.06529
0.06529
0.06529
0.06529
0.06529
0.06529
0.06529
0.06529
0.06529
0.06529
0.06529
0.06529
0.06529
0.06529
0.06529
0.06529
0.06529
0.06529
0
0
0
0.06516
0.06524
0.06521
0.0652
0.06517
0.06515
0.06518
0.06519
0.06511
0.06511
0.06516
0.06516
0.0652
0.0652
0.06518
0.06518
0.06517
0.06518
0.06519
0.06518
0.06518
0.06519
0.06522
0.0652
0.06522
0.06522
0.0652
0.06522
0.06521
0.0652
0.06521
0.0652
0.0652
0.0652
0.06519
0.06515
0.06514
0.06515
0.06516
0.06516
0.06514
0.06515
0.06516
0.06512
0.06511
0.06508
0.06508
0.06506
0.06505
0.06503
0.06504
0.06502
0.06505
0.06506
0.06508
0.0651
0.06508
0.06507
0.0651
0.06514
0.06514
0.06507
0.06506
0.0651
0.0651
0.06506
0.06506
0.06515
0.06517
0.06518
0.06519
0.06518
0.06517
0.06515
0.06516
0.06516
0.06519
0.06519
0.06519
0.06519
0.06519
0.06517
0.06517
0.06517
0.06513
0.06514
0.06508
0.06507
0.06507
0.06507
0.06508
0.06508
0.06511
0.0651
0.06509
0.06508
0.06507
0.06508
0.06504
0.06504
0.06487
0.06487
0.06486
0.06485
0.06487
0.06489
0.06486
0.06487
0.06487
0.06488
0.06488
0.06487
0.06486
0.06486
0.06486
0.06488
0.06489
0.06493
0.06491
0.06491
0.06489
0.0649
0.06489
0.06488
0.06487
0.06488
0.06489
0.0649
0.06488
0.06488
0.06488
0.06488
0.06487
0.06487
0.06487
0.06487
0.06487
0.06485
0.06486
0.06486
0.06486
0.06487
0.06488
0.06487
0.06487
0.06486
0.06485
0.06485
0.06482
0.06483
0.06483
0.06486
0.06486
0.06484
0.06485
0.06483
0.06482
0.06484
0.06484
0.06485
0.06485
0.06486
0.06487
0.06486
0.06485
0.06483
0.06484
0.06483
0.06483
0.06483
0.06483
0.06484
0.06484
0.06484
0.06484
0.06484
0.06485
0.06484
0.06487
0.06484
0.06484
0.06484
0.06483
0.06482
0.06482
0.06481
0.0648
0.06479
0.06479
0.06479
0.06474
0.06473
0.06473
0.06475
0.06474
0.06472
0.0647
0.06472
0.06471
0.06471
0.06473
0.06473
0.06473
0.06474
0.06476
0.06474
0.06475
0.06474
0.06475
0.06474
0.06474
0.06474
0.06474
0.06475
0.06473
0.06473
0.06473
0.06474
0.06473
0.06475
0.06475
0.06473
0.06473
0.06474
0.06473
0.06472
0.0647
0.0647
0.0647
0.0647
0.06469
0.06468
0.06468
0.06468
0.06468
0.0647
0.0647
0.06472
0.06472
