                               open            high             low           close       5sma         15sma  Signal  Position             Buy            Sell
date                                                                                                                                                          
2022-02-19 23:15:00  40040.36000000  40082.39000000  40033.88000000  40079.98000000        NaN           NaN       0       NaN             NaN             NaN
2022-02-19 23:20:00  40079.97000000  40079.98000000  40058.08000000  40071.65000000        NaN           NaN       0       0.0             NaN             NaN
2022-02-19 23:25:00  40071.64000000  40071.65000000  40014.50000000  40035.99000000        NaN           NaN       0       0.0             NaN             NaN
2022-02-19 23:30:00  40035.98000000  40080.00000000  40007.59000000  40079.99000000        NaN           NaN       0       0.0             NaN             NaN
2022-02-19 23:35:00  40080.00000000  40084.00000000  40045.26000000  40067.46000000  40067.014           NaN       0       0.0             NaN             NaN
2022-02-19 23:40:00  40067.46000000  40085.00000000  40067.45000000  40084.99000000  40068.016           NaN       0       0.0             NaN             NaN
2022-02-19 23:45:00  40085.00000000  40127.70000000  40014.51000000  40048.09000000  40063.304           NaN       0       0.0             NaN             NaN
2022-02-19 23:50:00  40049.20000000  40139.52000000  40046.20000000  40130.26000000  40082.158           NaN       0       0.0             NaN             NaN
2022-02-19 23:55:00  40130.26000000  40140.00000000  40077.05000000  40079.17000000  40081.994           NaN       0       0.0             NaN             NaN
2022-02-20 00:00:00  40079.17000000  40125.44000000  40066.14000000  40110.96000000  40090.694           NaN       0       0.0             NaN             NaN
2022-02-20 00:05:00  40110.96000000  40110.96000000  40050.28000000  40075.92000000  40088.880           NaN       0       0.0             NaN             NaN
2022-02-20 00:10:00  40075.93000000  40093.00000000  40044.01000000  40055.67000000  40090.396           NaN       0       0.0             NaN             NaN
2022-02-20 00:15:00  40055.68000000  40080.55000000  40034.49000000  40034.50000000  40071.244           NaN       0       0.0             NaN             NaN
2022-02-20 00:20:00  40034.49000000  40037.79000000  40001.59000000  40005.06000000  40056.422           NaN       0       0.0             NaN             NaN
2022-02-20 00:25:00  40005.07000000  40005.07000000  39927.99000000  39928.01000000  40019.832  40059.180000       0       0.0             NaN             NaN
2022-02-20 00:30:00  39928.01000000  39971.36000000  39926.05000000  39928.76000000  39990.400  40049.098667       0       0.0             NaN             NaN
2022-02-20 00:35:00  39928.75000000  39941.57000000  39876.01000000  39880.18000000  39955.302  40036.334000       0       0.0             NaN             NaN
2022-02-20 00:40:00  39880.17000000  39944.87000000  39880.17000000  39922.20000000  39932.842  40028.748000       0       0.0             NaN             NaN
2022-02-20 00:45:00  39922.21000000  39950.59000000  39914.62000000  39924.61000000  39916.752  40018.389333       0       0.0             NaN             NaN
2022-02-20 00:50:00  39924.20000000  39947.20000000  39880.46000000  39906.05000000  39912.360  40007.628667       0       0.0             NaN             NaN
2022-02-20 00:55:00  39906.05000000  39931.60000000  39887.09000000  39924.54000000  39911.516  39996.932000       0       0.0             NaN             NaN
2022-02-20 01:00:00  39924.54000000  39945.63000000  39886.14000000  39913.53000000  39918.186  39987.961333       0       0.0             NaN             NaN
2022-02-20 01:05:00  39913.53000000  39920.22000000  39824.54000000  39855.79000000  39904.904  39969.663333       0       0.0             NaN             NaN
2022-02-20 01:10:00  39855.80000000  39876.13000000  39846.25000000  39868.89000000  39893.760  39955.644667       0       0.0             NaN             NaN
2022-02-20 01:15:00  39868.88000000  39891.63000000  39835.15000000  39853.55000000  39883.260  39938.484000       0       0.0             NaN             NaN
2022-02-20 01:20:00  39853.55000000  39909.07000000  39842.76000000  39899.42000000  39878.236  39926.717333       0       0.0             NaN             NaN
2022-02-20 01:25:00  39898.36000000  39929.34000000  39897.09000000  39916.11000000  39878.752  39917.413333       0       0.0             NaN             NaN
2022-02-20 01:30:00  39916.10000000  39937.40000000  39907.40000000  39929.32000000  39893.458  39910.401333       0       0.0             NaN             NaN
2022-02-20 01:35:00  39929.32000000  39938.84000000  39918.24000000  39920.72000000  39903.824  39904.778667       0       0.0             NaN             NaN
2022-02-20 01:40:00  39920.72000000  40004.62000000  39894.00000000  39994.99000000  39932.112  39909.244000       1       1.0  39994.99000000             NaN
2022-02-20 01:45:00  39994.99000000  40019.18000000  39970.30000000  39990.60000000  39950.348  39913.366667       1       0.0             NaN             NaN
2022-02-20 01:50:00  39990.59000000  40000.30000000  39977.29000000  39994.47000000  39966.020  39920.986000       1       0.0             NaN             NaN
2022-02-20 01:55:00  39994.47000000  40008.32000000  39990.25000000  39997.17000000  39979.590  39925.984000       1       0.0             NaN             NaN
2022-02-20 02:00:00  39997.17000000  40005.99000000  39993.00000000  39997.07000000  39994.860  39930.814667       1       0.0             NaN             NaN
2022-02-20 02:05:00  39997.08000000  40001.99000000  39933.76000000  39992.67000000  39994.396  39936.589333       1       0.0             NaN             NaN
2022-02-20 02:10:00  39992.68000000  40005.00000000  39981.60000000  39993.19000000  39994.914  39941.166000       1       0.0             NaN             NaN
2022-02-20 02:15:00  39993.20000000  40018.00000000  39982.92000000  40003.56000000  39996.732  39947.168000       1       0.0             NaN             NaN
2022-02-20 02:20:00  40003.55000000  40019.74000000  39958.15000000  39984.43000000  39994.184  39955.744000       1       0.0             NaN             NaN
2022-02-20 02:25:00  39984.43000000  39985.12000000  39960.22000000  39974.63000000  39989.696  39962.793333       1       0.0             NaN             NaN
2022-02-20 02:30:00  39974.63000000  39976.43000000  39910.51000000  39946.27000000  39980.416  39968.974667       1       0.0             NaN             NaN
2022-02-20 02:35:00  39946.27000000  39950.12000000  39894.61000000  39908.57000000  39963.492  39969.584667       0      -1.0             NaN  39908.57000000
2022-02-20 02:40:00  39908.57000000  39939.40000000  39881.56000000  39920.99000000  39946.978  39969.910000       0       0.0             NaN             NaN
2022-02-20 02:45:00  39920.99000000  39967.85000000  39910.57000000  39954.74000000  39941.040  39971.604667       0       0.0             NaN             NaN
2022-02-20 02:50:00  39954.74000000  39960.00000000  39927.09000000  39927.09000000  39931.532  39972.029333       0       0.0             NaN             NaN
2022-02-20 02:55:00  39927.10000000  39927.10000000  39826.92000000  39839.17000000  39910.112  39961.641333       0       0.0             NaN             NaN
2022-02-20 03:00:00  39839.17000000  39868.33000000  39815.00000000  39864.73000000  39901.344  39953.250000       0       0.0             NaN             NaN
2022-02-20 03:05:00  39864.73000000  39907.07000000  39846.85000000  39875.79000000  39892.304  39945.338000       0       0.0             NaN             NaN
2022-02-20 03:10:00  39875.79000000  39889.36000000  39854.19000000  39869.74000000  39875.304  39936.842667       0       0.0             NaN             NaN
2022-02-20 03:15:00  39869.74000000  39882.98000000  39844.17000000  39868.74000000  39863.634  39928.287333       0       0.0             NaN             NaN
2022-02-20 03:20:00  39868.74000000  39875.90000000  39829.74000000  39829.74000000  39861.748  39917.425333       0       0.0             NaN             NaN
2022-02-20 03:25:00  39829.75000000  39829.75000000  39750.39000000  39818.01000000  39852.404  39905.746667       0       0.0             NaN             NaN
2022-02-20 03:30:00  39818.01000000  39865.61000000  39720.00000000  39765.38000000  39830.322  39889.868000       0       0.0             NaN             NaN
2022-02-20 03:35:00  39765.38000000  39854.03000000  39748.56000000  39844.99000000  39825.372  39880.572000       0       0.0             NaN             NaN
2022-02-20 03:40:00  39844.99000000  39845.46000000  39701.00000000  39780.15000000  39807.654  39867.606667       0       0.0             NaN             NaN
2022-02-20 03:45:00  39780.15000000  39828.76000000  39758.41000000  39785.55000000  39798.816  39856.892000       0       0.0             NaN             NaN
2022-02-20 03:50:00  39785.56000000  39815.71000000  39700.00000000  39751.88000000  39785.590  39846.446000       0       0.0             NaN             NaN
2022-02-20 03:55:00  39751.88000000  39815.14000000  39749.69000000  39794.59000000  39791.432  39838.019333       0       0.0             NaN             NaN
2022-02-20 04:00:00  39794.59000000  39843.59000000  39762.31000000  39780.65000000  39778.564  39826.413333       0       0.0             NaN             NaN
2022-02-20 04:05:00  39780.65000000  39796.71000000  39722.23000000  39738.05000000  39770.144  39813.810667       0       0.0             NaN             NaN
2022-02-20 04:10:00  39738.05000000  39782.99000000  39734.14000000  39779.99000000  39769.032  39809.865333       0       0.0             NaN             NaN
2022-02-20 04:15:00  39782.99000000  39803.39000000  39746.97000000  39796.03000000  39777.862  39805.285333       0       0.0             NaN             NaN
2022-02-20 04:20:00  39796.03000000  39803.55000000  39751.28000000  39756.38000000  39770.220  39797.324667       0       0.0             NaN             NaN
2022-02-20 04:25:00  39756.38000000  39765.16000000  39687.20000000  39722.44000000  39758.578  39787.504667       0       0.0             NaN             NaN
2022-02-20 04:30:00  39722.44000000  39751.30000000  39508.53000000  39661.09000000  39743.186  39773.661333       0       0.0             NaN             NaN
2022-02-20 04:35:00  39661.09000000  39661.09000000  39554.68000000  39603.22000000  39707.832  39758.560000       0       0.0             NaN             NaN
2022-02-20 04:40:00  39603.22000000  39649.99000000  39590.95000000  39621.09000000  39672.844  39745.432000       0       0.0             NaN             NaN
2022-02-20 04:45:00  39621.09000000  39663.30000000  39568.17000000  39620.82000000  39645.732  39735.794667       0       0.0             NaN             NaN
2022-02-20 04:50:00  39620.82000000  39649.69000000  39516.89000000  39594.97000000  39620.238  39719.126667       0       0.0             NaN             NaN
2022-02-20 04:55:00  39594.98000000  39600.00000000  39481.12000000  39550.65000000  39598.150  39703.826667       0       0.0             NaN             NaN
2022-02-20 05:00:00  39550.65000000  39588.33000000  39508.88000000  39578.94000000  39593.294  39690.052667       0       0.0             NaN             NaN
2022-02-20 05:05:00  39578.95000000  39621.89000000  39573.45000000  39597.01000000  39588.478  39679.728000       0       0.0             NaN             NaN
2022-02-20 05:10:00  39597.00000000  39699.14000000  39593.41000000  39663.15000000  39596.944  39670.965333       0       0.0             NaN             NaN
2022-02-20 05:15:00  39663.16000000  39690.78000000  39624.99000000  39645.86000000  39607.122  39661.979333       0       0.0             NaN             NaN
2022-02-20 05:20:00  39645.87000000  39653.84000000  39561.08000000  39585.55000000  39614.102  39651.812667       0       0.0             NaN             NaN
2022-02-20 05:25:00  39585.55000000  39656.38000000  39557.90000000  39580.51000000  39614.416  39638.514000       0       0.0             NaN             NaN
2022-02-20 05:30:00  39580.51000000  39580.51000000  39531.52000000  39540.09000000  39603.032  39621.451333       0       0.0             NaN             NaN
2022-02-20 05:35:00  39540.10000000  39578.86000000  39501.35000000  39578.86000000  39586.174  39609.616667       0       0.0             NaN             NaN
2022-02-20 05:40:00  39578.86000000  39596.93000000  39528.86000000  39550.00000000  39567.002  39598.120667       0       0.0             NaN             NaN
2022-02-20 05:45:00  39550.00000000  39586.69000000  39475.00000000  39493.46000000  39548.584  39586.945333       0       0.0             NaN             NaN
2022-02-20 05:50:00  39493.46000000  39499.99000000  39285.30000000  39334.03000000  39499.288  39568.999333       0       0.0             NaN             NaN
2022-02-20 05:55:00  39334.02000000  39406.69000000  39324.64000000  39349.91000000  39461.252  39550.920667       0       0.0             NaN             NaN
2022-02-20 06:00:00  39349.91000000  39443.27000000  39344.10000000  39344.10000000  39414.300  39532.472667       0       0.0             NaN             NaN
2022-02-20 06:05:00  39344.10000000  39390.03000000  39287.09000000  39288.83000000  39362.066  39512.063333       0       0.0             NaN             NaN
2022-02-20 06:10:00  39288.84000000  39291.04000000  38864.02000000  39013.49000000  39266.072  39476.252667       0       0.0             NaN             NaN
2022-02-20 06:15:00  39013.49000000  39013.50000000  38872.01000000  38992.82000000  39197.830  39437.178000       0       0.0             NaN             NaN
2022-02-20 06:20:00  38992.82000000  39090.35000000  38940.57000000  38957.81000000  39119.410  39394.564667       0       0.0             NaN             NaN
2022-02-20 06:25:00  38957.81000000  39059.98000000  38957.81000000  38990.01000000  39048.592  39349.688667       0       0.0             NaN             NaN
2022-02-20 06:30:00  38990.00000000  39056.31000000  38932.60000000  38937.84000000  38978.394  39302.487333       0       0.0             NaN             NaN
2022-02-20 06:35:00  38937.83000000  39013.59000000  38707.00000000  38762.99000000  38928.294  39247.650000       0       0.0             NaN             NaN
2022-02-20 06:40:00  38762.98000000  38864.90000000  38688.00000000  38837.41000000  38897.212  39198.110000       0       0.0             NaN             NaN
2022-02-20 06:45:00  38837.41000000  38885.10000000  38772.54000000  38850.00000000  38875.650  39152.104000       0       0.0             NaN             NaN
2022-02-20 06:50:00  38849.99000000  38850.00000000  38770.00000000  38774.98000000  38832.644  39098.512000       0       0.0             NaN             NaN
2022-02-20 06:55:00  38774.98000000  38838.11000000  38763.55000000  38794.82000000  38804.040  39048.166667       0       0.0             NaN             NaN
2022-02-20 07:00:00  38794.82000000  38850.00000000  38755.00000000  38841.47000000  38819.736  39004.700667       0       0.0             NaN             NaN
2022-02-20 07:05:00  38841.47000000  38883.63000000  38724.93000000  38724.93000000  38797.240  38964.094000       0       0.0             NaN             NaN
2022-02-20 07:10:00  38724.94000000  38792.80000000  38655.00000000  38758.14000000  38778.868  38924.642667       0       0.0             NaN             NaN
2022-02-20 07:15:00  38758.13000000  38833.16000000  38696.75000000  38698.69000000  38763.610  38881.615333       0       0.0             NaN             NaN
2022-02-20 07:20:00  38698.69000000  38738.25000000  38584.45000000  38681.42000000  38740.930  38841.121333       0       0.0             NaN             NaN
2022-02-20 07:25:00  38681.42000000  38795.92000000  38677.69000000  38751.04000000  38722.844  38823.624667       0       0.0             NaN             NaN
2022-02-20 07:30:00  38751.04000000  38814.71000000  38748.13000000  38804.36000000  38738.730  38811.060667       0       0.0             NaN             NaN
2022-02-20 07:35:00  38804.36000000  38819.85000000  38763.97000000  38789.15000000  38744.932  38799.816667       0       0.0             NaN             NaN
2022-02-20 07:40:00  38789.15000000  38789.16000000  38676.53000000  38687.10000000  38742.614  38779.622667       0       0.0             NaN             NaN
2022-02-20 07:45:00  38687.10000000  38727.26000000  38581.10000000  38720.52000000  38750.434  38765.134667       0       0.0             NaN             NaN
2022-02-20 07:50:00  38720.51000000  38825.53000000  38720.51000000  38795.48000000  38759.322  38767.300667       0       0.0             NaN             NaN
2022-02-20 07:55:00  38793.56000000  38812.59000000  38778.23000000  38796.64000000  38757.778  38764.582667       0       0.0             NaN             NaN
2022-02-20 08:00:00  38796.63000000  38818.96000000  38708.60000000  38764.96000000  38752.940  38758.913333       0       0.0             NaN             NaN
2022-02-20 08:05:00  38764.96000000  38836.18000000  38764.23000000  38765.01000000  38768.522  38758.248667       1       1.0  38765.01000000             NaN
2022-02-20 08:10:00  38765.01000000  38792.67000000  38690.11000000  38717.85000000  38767.988  38753.117333       1       0.0             NaN             NaN
2022-02-20 08:15:00  38717.84000000  38722.30000000  38657.03000000  38684.57000000  38745.806  38742.657333       1       0.0             NaN             NaN
2022-02-20 08:20:00  38684.56000000  38686.96000000  38370.01000000  38405.76000000  38667.630  38721.379333       0      -1.0             NaN  38405.76000000
2022-02-20 08:25:00  38405.76000000  38441.33000000  38290.54000000  38378.98000000  38590.434  38696.102000       0       0.0             NaN             NaN
2022-02-20 08:30:00  38378.97000000  38430.46000000  38288.19000000  38420.53000000  38521.538  38677.558000       0       0.0             NaN             NaN
2022-02-20 08:35:00  38420.53000000  38428.97000000  38208.30000000  38264.29000000  38430.826  38649.749333       0       0.0             NaN             NaN
2022-02-20 08:40:00  38264.28000000  38290.14000000  38159.05000000  38198.21000000  38333.554  38612.894000       0       0.0             NaN             NaN
2022-02-20 08:45:00  38198.21000000  38262.52000000  38101.11000000  38211.91000000  38294.784  38573.397333       0       0.0             NaN             NaN
2022-02-20 08:50:00  38211.92000000  38278.00000000  38201.68000000  38277.97000000  38274.582  38539.318667       0       0.0             NaN             NaN
2022-02-20 08:55:00  38277.98000000  38277.98000000  38120.00000000  38166.84000000  38223.844  38504.634667       0       0.0             NaN             NaN
2022-02-20 09:00:00  38166.84000000  38252.90000000  38091.35000000  38094.11000000  38189.808  38462.874000       0       0.0             NaN             NaN
2022-02-20 09:05:00  38094.11000000  38275.00000000  38000.00000000  38260.00000000  38202.166  38427.175333       0       0.0             NaN             NaN
2022-02-20 09:10:00  38259.99000000  38425.76000000  38259.99000000  38333.83000000  38226.550  38396.321333       0       0.0             NaN             NaN
2022-02-20 09:15:00  38333.83000000  38375.00000000  38292.95000000  38340.68000000  38239.092  38368.036000       0       0.0             NaN             NaN
2022-02-20 09:20:00  38341.64000000  38356.41000000  38200.00000000  38206.48000000  38247.020  38330.800667       0       0.0             NaN             NaN
2022-02-20 09:25:00  38206.48000000  38230.88000000  38106.48000000  38147.30000000  38257.658  38292.764000       0       0.0             NaN             NaN
2022-02-20 09:30:00  38147.30000000  38206.29000000  38081.80000000  38132.14000000  38232.086  38255.935333       0       0.0             NaN             NaN
2022-02-20 09:35:00  38132.13000000  38240.41000000  38117.66000000  38225.63000000  38210.446  38243.926667       0       0.0             NaN             NaN
2022-02-20 09:40:00  38225.64000000  38242.37000000  38168.68000000  38231.21000000  38188.552  38234.075333       0       0.0             NaN             NaN
2022-02-20 09:45:00  38231.21000000  38270.00000000  38207.12000000  38243.70000000  38195.996  38222.286667       0       0.0             NaN             NaN
2022-02-20 09:50:00  38243.71000000  38280.91000000  38142.12000000  38214.29000000  38209.394  38218.953333       0       0.0             NaN             NaN
2022-02-20 09:55:00  38214.29000000  38218.99000000  38138.85000000  38185.42000000  38220.050  38218.100667       1       1.0  38185.42000000             NaN
2022-02-20 10:00:00  38185.43000000  38263.98000000  38185.42000000  38262.82000000  38227.488  38221.494667       1       0.0             NaN             NaN
2022-02-20 10:05:00  38262.83000000  38304.31000000  38243.66000000  38300.04000000  38241.254  38222.966000       1       0.0             NaN             NaN
2022-02-20 10:10:00  38300.03000000  38302.23000000  38258.01000000  38266.08000000  38245.730  38229.582000       1       0.0             NaN             NaN
2022-02-20 10:15:00  38266.09000000  38331.21000000  38229.37000000  38282.58000000  38259.388  38242.146667       1       0.0             NaN             NaN
2022-02-20 10:20:00  38282.59000000  38351.59000000  38279.82000000  38323.27000000  38286.958  38246.364667       1       0.0             NaN             NaN
2022-02-20 10:25:00  38323.28000000  38359.23000000  38300.53000000  38336.68000000  38301.730  38246.554667       1       0.0             NaN             NaN
2022-02-20 10:30:00  38336.68000000  38378.27000000  38302.76000000  38360.93000000  38313.908  38247.904667       1       0.0             NaN             NaN
2022-02-20 10:35:00  38360.93000000  38376.21000000  38287.17000000  38364.59000000  38333.610  38258.445333       1       0.0             NaN             NaN
2022-02-20 10:40:00  38367.11000000  38370.08000000  38294.04000000  38300.02000000  38337.098  38268.626667       1       0.0             NaN             NaN
2022-02-20 10:45:00  38300.02000000  38300.02000000  38230.21000000  38243.42000000  38321.128  38276.045333       1       0.0             NaN             NaN
2022-02-20 10:50:00  38243.42000000  38243.43000000  38140.00000000  38190.33000000  38291.858  38273.692000       1       0.0             NaN             NaN
2022-02-20 10:55:00  38190.34000000  38239.43000000  38182.29000000  38193.02000000  38258.276  38271.146000       0      -1.0             NaN  38193.02000000
2022-02-20 11:00:00  38193.01000000  38224.61000000  38122.93000000  38161.58000000  38217.674  38265.671333       0       0.0             NaN             NaN
2022-02-20 11:05:00  38161.59000000  38213.83000000  38158.88000000  38203.00000000  38198.270  38264.918667       0       0.0             NaN             NaN
2022-02-20 11:10:00  38202.99000000  38219.99000000  38181.01000000  38200.00000000  38189.586  38265.890667       0       0.0             NaN             NaN
2022-02-20 11:15:00  38200.00000000  38229.12000000  38193.15000000  38216.03000000  38194.726  38262.771333       0       0.0             NaN             NaN
2022-02-20 11:20:00  38216.03000000  38288.43000000  38214.70000000  38246.94000000  38205.510  38259.231333       0       0.0             NaN             NaN
2022-02-20 11:25:00  38246.93000000  38251.62000000  38180.11000000  38201.71000000  38213.536  38254.940000       0       0.0             NaN             NaN
2022-02-20 11:30:00  38201.71000000  38218.75000000  38164.85000000  38198.44000000  38212.624  38249.330667       0       0.0             NaN             NaN
2022-02-20 11:35:00  38198.43000000  38269.37000000  38195.09000000  38209.31000000  38214.486  38241.733333       0       0.0             NaN             NaN
2022-02-20 11:40:00  38209.24000000  38261.97000000  38209.21000000  38251.91000000  38221.662  38236.082000       0       0.0             NaN             NaN
2022-02-20 11:45:00  38251.91000000  38358.42000000  38244.24000000  38336.16000000  38239.506  38234.430667       1       1.0  38336.16000000             NaN
2022-02-20 11:50:00  38338.29000000  38351.63000000  38306.70000000  38332.02000000  38265.568  38232.259333       1       0.0             NaN             NaN
2022-02-20 11:55:00  38332.02000000  38349.89000000  38307.04000000  38343.99000000  38294.678  38235.190667       1       0.0             NaN             NaN
2022-02-20 12:00:00  38343.99000000  38360.00000000  38322.33000000  38325.89000000  38317.994  38240.688667       1       0.0             NaN             NaN
2022-02-20 12:05:00  38325.90000000  38331.35000000  38300.00000000  38320.00000000  38331.612  38249.333333       1       0.0             NaN             NaN
2022-02-20 12:10:00  38319.99000000  38500.00000000  38302.67000000  38424.00000000  38349.180  38264.732000       1       0.0             NaN             NaN
2022-02-20 12:15:00  38424.00000000  38589.33000000  38421.02000000  38567.76000000  38396.328  38291.810667       1       0.0             NaN             NaN
2022-02-20 12:20:00  38567.76000000  38616.00000000  38459.95000000  38462.71000000  38420.072  38309.124667       1       0.0             NaN             NaN
2022-02-20 12:25:00  38462.72000000  38463.01000000  38309.00000000  38324.41000000  38419.776  38317.418667       1       0.0             NaN             NaN
2022-02-20 12:30:00  38324.40000000  38378.00000000  38251.56000000  38279.31000000  38411.638  38321.637333       1       0.0             NaN             NaN
2022-02-20 12:35:00  38279.31000000  38319.99000000  38269.54000000  38307.61000000  38388.360  38325.682000       1       0.0             NaN             NaN
2022-02-20 12:40:00  38307.61000000  38375.02000000  38298.06000000  38360.01000000  38346.810  38336.235333       1       0.0             NaN             NaN
2022-02-20 12:45:00  38360.00000000  38362.03000000  38281.52000000  38318.92000000  38318.052  38344.267333       0      -1.0             NaN  38318.92000000
2022-02-20 12:50:00  38318.93000000  38318.93000000  38201.10000000  38205.99000000  38294.368  38344.046000       0       0.0             NaN             NaN
2022-02-20 12:55:00  38204.32000000  38252.34000000  38201.17000000  38213.07000000  38281.120  38341.456667       0       0.0             NaN             NaN
2022-02-20 13:00:00  38213.07000000  38270.59000000  38187.07000000  38226.32000000  38264.862  38334.134000       0       0.0             NaN             NaN
2022-02-20 13:05:00  38226.32000000  38248.00000000  38203.20000000  38218.78000000  38236.616  38326.584667       0       0.0             NaN             NaN
2022-02-20 13:10:00  38218.78000000  38242.57000000  38200.00000000  38204.27000000  38213.686  38317.270000       0       0.0             NaN             NaN
2022-02-20 13:15:00  38204.27000000  38273.83000000  38180.00000000  38231.93000000  38218.874  38311.006000       0       0.0             NaN             NaN
2022-02-20 13:20:00  38231.93000000  38307.83000000  38222.39000000  38250.00000000  38226.260  38306.339333       0       0.0             NaN             NaN
2022-02-20 13:25:00  38250.01000000  38253.35000000  38189.92000000  38234.78000000  38227.952  38293.724667       0       0.0             NaN             NaN
2022-02-20 13:30:00  38234.78000000  38249.62000000  38185.22000000  38196.31000000  38223.458  38268.961333       0       0.0             NaN             NaN
2022-02-20 13:35:00  38196.31000000  38258.31000000  38185.01000000  38248.54000000  38232.312  38254.683333       0       0.0             NaN             NaN
2022-02-20 13:40:00  38248.54000000  38307.88000000  38243.09000000  38290.99000000  38244.124  38252.455333       0       0.0             NaN             NaN
2022-02-20 13:45:00  38290.99000000  38320.40000000  38250.00000000  38258.74000000  38245.872  38251.084000       0       0.0             NaN             NaN
2022-02-20 13:50:00  38258.74000000  38274.95000000  38258.49000000  38266.90000000  38252.296  38248.370000       1       1.0  38266.90000000             NaN
2022-02-20 13:55:00  38266.89000000  38315.58000000  38201.78000000  38204.92000000  38254.018  38238.030667       1       0.0             NaN             NaN
2022-02-20 14:00:00  38204.92000000  38251.82000000  38200.00000000  38244.05000000  38253.120  38233.039333       1       0.0             NaN             NaN
2022-02-20 14:05:00  38244.04000000  38244.06000000  38206.97000000  38214.73000000  38237.868  38233.622000       1       0.0             NaN             NaN
2022-02-20 14:10:00  38214.72000000  38215.02000000  38177.50000000  38186.14000000  38223.348  38231.826667       0      -1.0             NaN  38186.14000000
2022-02-20 14:15:00  38186.14000000  38188.57000000  38035.01000000  38087.54000000  38187.476  38222.574667       0       0.0             NaN             NaN
2022-02-20 14:20:00  38087.54000000  38239.05000000  38022.00000000  38200.29000000  38186.550  38221.342000       0       0.0             NaN             NaN
2022-02-20 14:25:00  38200.29000000  38300.00000000  38175.11000000  38186.00000000  38174.940  38220.124000       0       0.0             NaN             NaN
2022-02-20 14:30:00  38185.99000000  38197.35000000  38077.60000000  38127.06000000  38157.406  38213.132667       0       0.0             NaN             NaN
2022-02-20 14:35:00  38127.06000000  38219.78000000  38111.22000000  38180.01000000  38156.180  38208.466667       0       0.0             NaN             NaN
2022-02-20 14:40:00  38180.00000000  38200.00000000  38138.66000000  38184.95000000  38175.662  38205.144667       0       0.0             NaN             NaN
2022-02-20 14:45:00  38184.96000000  38195.50000000  38100.00000000  38114.79000000  38158.562  38199.710000       0       0.0             NaN             NaN
2022-02-20 14:50:00  38114.79000000  38172.94000000  38075.56000000  38172.94000000  38155.950  38194.670000       0       0.0             NaN             NaN
2022-02-20 14:55:00  38172.94000000  38214.11000000  38172.93000000  38196.97000000  38169.932  38188.402000       0       0.0             NaN             NaN
2022-02-20 15:00:00  38196.98000000  38256.44000000  38180.42000000  38255.96000000  38185.122  38188.216667       0       0.0             NaN             NaN
2022-02-20 15:05:00  38255.96000000  38292.47000000  38230.94000000  38237.56000000  38195.644  38186.260667       1       1.0  38237.56000000             NaN
2022-02-20 15:10:00  38237.57000000  38253.44000000  38200.00000000  38215.77000000  38215.840  38186.984000       1       0.0             NaN             NaN
2022-02-20 15:15:00  38213.04000000  38230.00000000  38190.00000000  38213.73000000  38223.998  38184.962667       1       0.0             NaN             NaN
2022-02-20 15:20:00  38213.73000000  38281.79000000  38213.73000000  38271.47000000  38238.898  38188.745333       1       0.0             NaN             NaN
2022-02-20 15:25:00  38272.12000000  38275.40000000  38213.74000000  38237.89000000  38235.284  38192.195333       1       0.0             NaN             NaN
2022-02-20 15:30:00  38237.89000000  38263.70000000  38180.31000000  38260.38000000  38239.848  38203.718000       1       0.0             NaN             NaN
2022-02-20 15:35:00  38260.37000000  38324.12000000  38244.57000000  38316.00000000  38259.894  38211.432000       1       0.0             NaN             NaN
2022-02-20 15:40:00  38316.01000000  38347.99000000  38291.10000000  38314.15000000  38279.978  38219.975333       1       0.0             NaN             NaN
2022-02-20 15:45:00  38314.15000000  38330.76000000  38293.21000000  38324.13000000  38290.510  38233.113333       1       0.0             NaN             NaN
2022-02-20 15:50:00  38324.12000000  38415.49000000  38313.95000000  38403.13000000  38323.558  38247.988000       1       0.0             NaN             NaN
2022-02-20 15:55:00  38403.12000000  38414.84000000  38331.71000000  38335.04000000  38338.490  38257.994000       1       0.0             NaN             NaN
2022-02-20 16:00:00  38337.20000000  38369.47000000  38298.11000000  38365.02000000  38348.294  38274.676000       1       0.0             NaN             NaN
2022-02-20 16:05:00  38365.03000000  38428.52000000  38358.35000000  38400.34000000  38365.532  38289.836000       1       0.0             NaN             NaN
2022-02-20 16:10:00  38400.34000000  38507.31000000  38400.34000000  38491.78000000  38399.062  38309.490000       1       0.0             NaN             NaN
2022-02-20 16:15:00  38491.78000000  38502.65000000  38410.92000000  38495.23000000  38417.482  38325.441333       1       0.0             NaN             NaN
2022-02-20 16:20:00  38495.23000000  38499.86000000  38448.84000000  38455.53000000  38441.580  38339.972667       1       0.0             NaN             NaN
2022-02-20 16:25:00  38455.53000000  38479.06000000  38405.00000000  38422.39000000  38453.054  38353.747333       1       0.0             NaN             NaN
2022-02-20 16:30:00  38422.39000000  38423.32000000  38297.75000000  38340.15000000  38441.016  38362.175333       1       0.0             NaN             NaN
2022-02-20 16:35:00  38340.16000000  38389.96000000  38280.01000000  38284.47000000  38399.554  38363.042000       1       0.0             NaN             NaN
2022-02-20 16:40:00  38284.47000000  38312.37000000  38238.43000000  38263.05000000  38353.118  38364.719333       0      -1.0             NaN  38263.05000000
2022-02-20 16:45:00  38263.04000000  38342.75000000  38263.04000000  38324.31000000  38326.874  38368.981333       0       0.0             NaN             NaN
2022-02-20 16:50:00  38324.30000000  38338.59000000  38293.77000000  38293.89000000  38301.174  38367.507333       0       0.0             NaN             NaN
2022-02-20 16:55:00  38293.89000000  38339.86000000  38271.60000000  38271.61000000  38287.466  38364.671333       0       0.0             NaN             NaN
2022-02-20 17:00:00  38271.61000000  38330.27000000  38238.27000000  38320.00000000  38294.572  38364.396000       0       0.0             NaN             NaN
2022-02-20 17:05:00  38320.00000000  38380.00000000  38313.10000000  38362.88000000  38314.538  38361.712667       0       0.0             NaN             NaN
2022-02-20 17:10:00  38362.88000000  38364.86000000  38338.89000000  38356.38000000  38320.952  38363.135333       0       0.0             NaN             NaN
2022-02-20 17:15:00  38356.38000000  38395.74000000  38354.00000000  38364.49000000  38335.072  38363.100000       0       0.0             NaN             NaN
2022-02-20 17:20:00  38364.49000000  38399.99000000  38357.38000000  38358.39000000  38352.428  38360.303333       0       0.0             NaN             NaN
2022-02-20 17:25:00  38358.38000000  38358.39000000  38256.75000000  38271.97000000  38342.822  38345.649333       0       0.0             NaN             NaN
2022-02-20 17:30:00  38271.97000000  38275.29000000  38205.00000000  38261.40000000  38322.526  38330.060667       0       0.0             NaN             NaN
2022-02-20 17:35:00  38261.41000000  38303.27000000  38256.62000000  38263.04000000  38303.858  38317.228000       0       0.0             NaN             NaN
2022-02-20 17:40:00  38263.04000000  38312.60000000  38261.71000000  38278.67000000  38286.694  38307.646667       0       0.0             NaN             NaN
2022-02-20 17:45:00  38278.66000000  38331.84000000  38278.66000000  38322.23000000  38279.462  38306.452000       0       0.0             NaN             NaN
2022-02-20 17:50:00  38322.23000000  38322.24000000  38256.11000000  38293.86000000  38283.840  38307.078000       0       0.0             NaN             NaN
2022-02-20 17:55:00  38293.86000000  38307.22000000  38254.99000000  38279.31000000  38287.422  38308.162000       0       0.0             NaN             NaN
2022-02-20 18:00:00  38279.31000000  38279.32000000  38222.00000000  38234.57000000  38281.728  38302.179333       0       0.0             NaN             NaN
2022-02-20 18:05:00  38234.56000000  38266.50000000  38222.02000000  38233.35000000  38272.664  38298.143333       0       0.0             NaN             NaN
2022-02-20 18:10:00  38233.36000000  38383.14000000  38180.10000000  38374.33000000  38283.084  38304.991333       0       0.0             NaN             NaN
2022-02-20 18:15:00  38374.34000000  38374.34000000  38322.55000000  38337.68000000  38291.848  38306.170000       0       0.0             NaN             NaN
2022-02-20 18:20:00  38337.68000000  38372.08000000  38284.88000000  38308.74000000  38297.734  38302.560667       0       0.0             NaN             NaN
2022-02-20 18:25:00  38308.75000000  38324.00000000  38286.53000000  38308.09000000  38312.438  38299.341333       1       1.0  38308.09000000             NaN
2022-02-20 18:30:00  38308.09000000  38420.00000000  38296.58000000  38390.26000000  38343.820  38301.059333       1       0.0             NaN             NaN
2022-02-20 18:35:00  38390.26000000  38396.94000000  38361.91000000  38376.12000000  38344.178  38302.241333       1       0.0             NaN             NaN
2022-02-20 18:40:00  38376.12000000  38406.38000000  38350.00000000  38373.63000000  38351.368  38309.018667       1       0.0             NaN             NaN
2022-02-20 18:45:00  38373.63000000  38455.42000000  38348.83000000  38442.09000000  38378.038  38321.064667       1       0.0             NaN             NaN
2022-02-20 18:50:00  38442.12000000  38445.93000000  38373.36000000  38414.35000000  38399.290  38331.152000       1       0.0             NaN             NaN
2022-02-20 18:55:00  38414.35000000  38456.00000000  38410.53000000  38441.26000000  38409.490  38341.991333       1       0.0             NaN             NaN
2022-02-20 19:00:00  38441.27000000  38444.66000000  38386.01000000  38410.09000000  38416.284  38347.848667       1       0.0             NaN             NaN
2022-02-20 19:05:00  38410.08000000  38410.09000000  38380.30000000  38389.99000000  38419.556  38354.257333       1       0.0             NaN             NaN
2022-02-20 19:10:00  38389.99000000  38423.15000000  38371.74000000  38371.74000000  38405.486  38360.419333       1       0.0             NaN             NaN