2022-02-06 17:24:19.808318, 2.214, 170.0, 170.4, 0.87, 0.22
'2022-02-07 00:20:30.164339, 2.218, 170.2, 170.8, 1.31, 0.34
'2022-02-07 00:43:49.150232, 2.201, 172.0, 172.4, 0.87, 0.22
'2022-02-07 01:01:08.517627, 2.183, 173.8, 174.2, 0.86, 0.22
'2022-02-07 03:21:28.854997, 2.206, 172.5, 173.0, 1.09, 0.27
'2022-02-07 03:31:49.122594, 2.202, 173.3, 173.8, 1.08, 0.27
'2022-02-07 04:00:06.920996, 2.186, 175.1, 173.3, -3.88, -1.04
'2022-02-07 04:25:23.409945, 2.173, 174.3, 174.8, 1.07, 0.27
'2022-02-07 04:36:29.342884, 2.165, 175.4, 175.9, 1.07, 0.27
'2022-02-07 04:58:14.350405, 2.158, 176.5, 176.9, 0.85, 0.21
'2022-02-07 06:12:54.131942, 2.152, 177.2, 177.7, 1.06, 0.27
2022-02-07 06:28:28.686870, 2.146, 178.2, 178.7, 1.06, 0.27
AAVEUSDT, 2022-02-07 14:10:25.203382, 2.197, 178.2, 178.8, 1.30, 0.32 
